dimension=1024
first_5=[0.026973687, 0.0018105906, -0.0136219505, 0.0137703065, 0.09689157]
